At time 1730706313.485334808
- Translation: [0.125, -0.002, 0.000]
- Rotation: in Quaternion [0.000, 0.000, 0.126, 0.992]
- Rotation: in RPY (radian) [0.000, -0.000, 0.252]
- Rotation: in RPY (degree) [0.000, -0.000, 14.425]
- Matrix:
  0.968 -0.249  0.000  0.125
  0.249  0.968  0.000 -0.002
  0.000  0.000  1.000  0.000
  0.000  0.000  0.000  1.000
At time 1730706314.477874771
- Translation: [0.063, -0.001, 0.000]
- Rotation: in Quaternion [0.000, 0.000, 0.134, 0.991]
- Rotation: in RPY (radian) [0.000, -0.000, 0.269]
- Rotation: in RPY (degree) [0.000, -0.000, 15.388]
- Matrix:
  0.964 -0.265  0.000  0.063
  0.265  0.964  0.000 -0.001
  0.000  0.000  1.000  0.000
  0.000  0.000  0.000  1.000
At time 1730706315.485877837
- Translation: [0.031, -0.000, 0.000]
- Rotation: in Quaternion [0.000, 0.000, 0.138, 0.990]
- Rotation: in RPY (radian) [0.000, -0.000, 0.277]
- Rotation: in RPY (degree) [0.000, -0.000, 15.866]
- Matrix:
  0.962 -0.273  0.000  0.031
  0.273  0.962  0.000 -0.000
  0.000  0.000  1.000  0.000
  0.000  0.000  0.000  1.000
At time 1730706316.478182906
- Translation: [0.016, -0.000, 0.000]
- Rotation: in Quaternion [0.000, 0.000, 0.140, 0.990]
- Rotation: in RPY (radian) [0.000, -0.000, 0.281]
- Rotation: in RPY (degree) [0.000, -0.000, 16.099]
- Matrix:
  0.961 -0.277  0.000  0.016
  0.277  0.961  0.000 -0.000
  0.000  0.000  1.000  0.000
  0.000  0.000  0.000  1.000
At time 1730706317.485244551
- Translation: [0.008, -0.000, 0.000]
- Rotation: in Quaternion [0.000, 0.000, 0.141, 0.990]
- Rotation: in RPY (radian) [0.000, -0.000, 0.283]
- Rotation: in RPY (degree) [0.000, -0.000, 16.214]
- Matrix:
  0.960 -0.279  0.000  0.008
  0.279  0.960  0.000 -0.000
  0.000  0.000  1.000  0.000
  0.000  0.000  0.000  1.000
At time 1730706318.492759929
- Translation: [0.004, -0.000, 0.000]
- Rotation: in Quaternion [0.000, 0.000, 0.142, 0.990]
- Rotation: in RPY (radian) [0.000, -0.000, 0.284]
- Rotation: in RPY (degree) [0.000, -0.000, 16.272]
- Matrix:
  0.960 -0.280  0.000  0.004
  0.280  0.960  0.000 -0.000
  0.000  0.000  1.000  0.000
  0.000  0.000  0.000  1.000
At time 1730706319.485244589
- Translation: [0.002, -0.000, 0.000]
- Rotation: in Quaternion [0.000, 0.000, 0.142, 0.990]
- Rotation: in RPY (radian) [0.000, -0.000, 0.284]
- Rotation: in RPY (degree) [0.000, -0.000, 16.298]
- Matrix:
  0.960 -0.281  0.000  0.002
  0.281  0.960  0.000 -0.000
  0.000  0.000  1.000  0.000
  0.000  0.000  0.000  1.000
At time 1730706320.492981294
- Translation: [0.001, 0.000, 0.000]
- Rotation: in Quaternion [0.000, 0.000, 0.142, 0.990]
- Rotation: in RPY (radian) [0.000, -0.000, 0.285]
- Rotation: in RPY (degree) [0.000, -0.000, 16.309]
- Matrix:
  0.960 -0.281  0.000  0.001
  0.281  0.960  0.000  0.000
  0.000  0.000  1.000  0.000
  0.000  0.000  0.000  1.000

